# oST version 5.0 parameters


[image]

width
640

height
480

[narrow_stereo]

camera matrix
765.186686 0.000000 352.958996
0.000000 763.687017 201.689144
0.000000 0.000000 1.000000

distortion
0.039938 0.161031 0.015009 -0.005828 0.000000

rectification
1.000000 0.000000 0.000000
0.000000 1.000000 0.000000
0.000000 0.000000 1.000000

projection
793.205261 0.000000 349.179358 0.000000
0.000000 790.043335 207.690334 0.000000
0.000000 0.000000 1.000000 0.000000

